Open,High,Low,Close,Volume,Dividends,Stock Splits
226.75999450683594,227.27999877929688,223.88999938964844,227.17999267578125,30602200,0.0,0.0
226.0,228.85000610351562,224.88999938964844,228.02999877929688,35934600,0.0,0.0
227.9199981689453,229.86000061035156,225.67999267578125,226.49000549316406,38052200,0.0,0.0
230.10000610351562,232.9199981689453,228.8800048828125,229.7899932861328,51906300,0.0,0.0
230.19000244140625,230.39999389648438,227.47999572753906,229.0,52990800,0.0,0.0
228.5500030517578,229.0,221.1699981689453,222.77000427246094,50190600,0.0,0.0
221.66000366210938,221.77999877929688,217.47999572753906,220.85000610351562,43840200,0.0,0.0
221.6300048828125,225.47999572753906,221.52000427246094,222.3800048828125,36615400,0.0,0.0
223.9499969482422,225.24000549316406,219.77000427246094,220.82000732421875,48423000,0.0,0.0
220.82000732421875,221.27000427246094,216.7100067138672,220.91000366210938,67180000,0.0,0.0
218.9199981689453,221.47999572753906,216.72999572753906,220.11000061035156,51591000,0.0,0.0
221.4600067138672,223.08999633789062,217.88999938964844,222.66000366210938,44587100,0.0,0.0
222.5,223.5500030517578,219.82000732421875,222.77000427246094,37498200,0.0,0.0
223.5800018310547,224.0399932861328,221.91000366210938,222.5,36766600,0.0,0.0
216.5399932861328,217.22000122070312,213.9199981689453,216.32000732421875,59357400,0.0,0.0
215.75,216.89999389648438,214.5,216.7899932861328,45519300,0.0,0.0
217.5500030517578,222.7100067138672,217.5399932861328,220.69000244140625,59894900,0.0,0.0
224.99000549316406,229.82000732421875,224.6300048828125,228.8699951171875,66781300,0.0,0.0
229.97000122070312,233.08999633789062,227.6199951171875,228.1999969482422,318679900,0.0,0.0
227.33999633789062,229.4499969482422,225.80999755859375,226.47000122070312,54146000,0.0,0.0
228.64999389648438,229.35000610351562,225.72999572753906,227.3699951171875,43492700,0.0,0.0
